---
ciscoLwappRFCapability: 1.3.6.1.4.1.9.7.23999
ciscoLwappRFCapabilityCUWNSV7R3: 1.3.6.1.4.1.9.7.23999.1
