---
cLAVCProtoPackLoadNotifFailed: 1.3.6.1.4.1.9.9.99995.0.1
cLAVCProtoPackLoadNotifSuccess: 1.3.6.1.4.1.9.9.99995.0.2
