---
ciscoLwappHaMIB: 1.3.6.1.4.1.9.9.198888
ciscoLwappHaMIBObjects: 1.3.6.1.4.1.9.9.198888.0
ciscoLwappHaGlobalConfig: 1.3.6.1.4.1.9.9.198888.0.1
cLHaApSsoConfig: 1.3.6.1.4.1.9.9.198888.0.1.1
cLHaPeerIpAddressType: 1.3.6.1.4.1.9.9.198888.0.1.2
cLHaPeerIpAddress: 1.3.6.1.4.1.9.9.198888.0.1.3
cLHaServicePortPeerIpAddressType: 1.3.6.1.4.1.9.9.198888.0.1.4
cLHaServicePortPeerIpAddress: 1.3.6.1.4.1.9.9.198888.0.1.5
cLHaServicePortPeerIpNetMaskType: 1.3.6.1.4.1.9.9.198888.0.1.6
cLHaServicePortPeerIpNetMask: 1.3.6.1.4.1.9.9.198888.0.1.7
cLHaRedundancyIpAddressType: 1.3.6.1.4.1.9.9.198888.0.1.8
cLHaRedundancyIpAddress: 1.3.6.1.4.1.9.9.198888.0.1.9
cLHaPeerMacAddress: 1.3.6.1.4.1.9.9.198888.0.1.10
cLHaVirtualMacAddress: 1.3.6.1.4.1.9.9.198888.0.1.11
cLHaPrimaryUnit: 1.3.6.1.4.1.9.9.198888.0.1.12
cLHaLinkEncryption: 1.3.6.1.4.1.9.9.198888.0.1.13
cLHaNetworkFailOver: 1.3.6.1.4.1.9.9.198888.0.1.14
cLHaRFStatusUnitIp: 1.3.6.1.4.1.9.9.198888.0.1.15
ciscoLwappHaNetworkConfig: 1.3.6.1.4.1.9.9.198888.0.2
cLHaNetworkRoutePeerConfigTable: 1.3.6.1.4.1.9.9.198888.0.2.1
cLHaNetworkRoutePeerConfigEntry: 1.3.6.1.4.1.9.9.198888.0.2.1.1
cLHaNetworkRoutePeerIPAddressType: 1.3.6.1.4.1.9.9.198888.0.2.1.1.1
cLHaNetworkRoutePeerIPAddress: 1.3.6.1.4.1.9.9.198888.0.2.1.1.2
cLHaNetworkRoutePeerIPNetmaskType: 1.3.6.1.4.1.9.9.198888.0.2.1.1.3
cLHaNetworkRoutePeerIPNetmask: 1.3.6.1.4.1.9.9.198888.0.2.1.1.4
cLHaNetworkRoutePeerGatewayType: 1.3.6.1.4.1.9.9.198888.0.2.1.1.5
cLHaNetworkRoutePeerGateway: 1.3.6.1.4.1.9.9.198888.0.2.1.1.6
cLHaNetworkRoutePeerTransferStatus: 1.3.6.1.4.1.9.9.198888.0.2.1.1.7
cLHaNetworkRoutePeerRowStatus: 1.3.6.1.4.1.9.9.198888.0.2.1.1.8
ciscoLwappHaMIBNotifs: 1.3.6.1.4.1.9.9.198888.0.3
cLHaSecondaryControllerUsageTrap: 1.3.6.1.4.1.9.9.198888.0.3.1
cLHaRFSwapInfoTrap: 1.3.6.1.4.1.9.9.198888.0.3.2
ciscoLwappHaNotificationVariable: 1.3.6.1.4.1.9.9.198888.0.4
cLHaSecondaryControllerUsageTrapType: 1.3.6.1.4.1.9.9.198888.0.4.1
cLHaSecondaryControllerUsageDayCounter: 1.3.6.1.4.1.9.9.198888.0.4.2
