---
ciscoLwappNbarMIB: 1.3.6.1.4.1.9.9.99995
ciscoLwappNbarMIBNotifs: 1.3.6.1.4.1.9.9.99995.0
cLAVCProtoPackLoadNotifFailed: 1.3.6.1.4.1.9.9.99995.0.1
cLAVCProtoPackLoadNotifSuccess: 1.3.6.1.4.1.9.9.99995.0.2
ciscoLwappNbarMIBObjects: 1.3.6.1.4.1.9.9.99995.1
ciscoLwappNbarTableObjects: 1.3.6.1.4.1.9.9.99995.1.1
cLNbarAVCProfileTable: 1.3.6.1.4.1.9.9.99995.1.1.1
cLNbarAVCProfileEntry: 1.3.6.1.4.1.9.9.99995.1.1.1.1
cLNbarAVCProfileName: 1.3.6.1.4.1.9.9.99995.1.1.1.1.1
cLNbarAVCProfileRowStatus: 1.3.6.1.4.1.9.9.99995.1.1.1.1.2
cLNbarAVCRuleTable: 1.3.6.1.4.1.9.9.99995.1.1.2
cLNbarAVCRuleEntry: 1.3.6.1.4.1.9.9.99995.1.1.2.1
cLNbarAVCRuleProfileName: 1.3.6.1.4.1.9.9.99995.1.1.2.1.1
cLNbarAVCRuleApplicationName: 1.3.6.1.4.1.9.9.99995.1.1.2.1.2
cLNbarAVCRuleApplicationGroupName: 1.3.6.1.4.1.9.9.99995.1.1.2.1.3
cLNbarAVCRuleApplicationAction: 1.3.6.1.4.1.9.9.99995.1.1.2.1.4
cLNbarAVCRuleDscpValue: 1.3.6.1.4.1.9.9.99995.1.1.2.1.5
cLNbarAVCRuleRowStatus: 1.3.6.1.4.1.9.9.99995.1.1.2.1.6
cLNbarAVCRuleAppAvgRateLimit: 1.3.6.1.4.1.9.9.99995.1.1.2.1.7
cLNbarAVCRuleAppBurstRateLimit: 1.3.6.1.4.1.9.9.99995.1.1.2.1.8
ciscoLwappNbarGlobalObjects: 1.3.6.1.4.1.9.9.99995.1.2
cLNbarAVCEngineVersion: 1.3.6.1.4.1.9.9.99995.1.2.1
cLNbarAVCProtoPackName: 1.3.6.1.4.1.9.9.99995.1.2.2
cLNbarAVCProtoPackVer: 1.3.6.1.4.1.9.9.99995.1.2.3
ciscoLwappNbarMIBConform: 1.3.6.1.4.1.9.9.99995.2
ciscoLwappNbarMIBCompliances: 1.3.6.1.4.1.9.9.99995.2.1
ciscoLwappNbarMIBCompliance: 1.3.6.1.4.1.9.9.99995.2.1.1
ciscoLwappNbarMIBComplianceRev1: 1.3.6.1.4.1.9.9.99995.2.1.2
ciscoLwappNbarMIBGroups: 1.3.6.1.4.1.9.9.99995.2.2
cLNbarConfigGroup: 1.3.6.1.4.1.9.9.99995.2.2.1
cLNbarGlobalGroup: 1.3.6.1.4.1.9.9.99995.2.2.2