---
ciscoLwappMobilityControlPathDown: .1.3.6.1.4.1.9.9.999999.0.1
ciscoLwappMobilityControlPathUp: .1.3.6.1.4.1.9.9.999999.0.2
ciscoLwappMobilityDataPathDown: .1.3.6.1.4.1.9.9.999999.0.3
ciscoLwappMobilityDataPathUp: .1.3.6.1.4.1.9.9.999999.0.4
